7/1/2014	0	0	0	72	89
7/2/2014	0.96	0	0	72	91
7/3/2014	1.78	0	0	69	87
7/4/2014	0.14	0	0	65	74
7/5/2014	0	0	0	63	81
7/6/2014	0	0	0	66	84
7/7/2014	0.04	0	0	72	90
7/8/2014	0.39	0	0	71	91
7/9/2014	0.09	0	0	71	88
7/10/2014	0	0	0	72	83
7/11/2014	0	0	0	71	86
7/12/2014	0	0	0	71	85
7/13/2014	0.03	0	0	72	83
7/14/2014	0.46	0	0	72	84
7/15/2014	1.3	0	0	72	86
7/16/2014	0	0	0	68	81
7/17/2014	0	0	0	67	81
7/18/2014	0	0	0	64	81
7/19/2014	0	0	0	68	76
7/20/2014	0	0	0	66	80
7/21/2014	0	0	0	67	85
7/22/2014	0	0	0	71	86
7/23/2014	0.19	0	0	72	88
7/24/2014	0	0	0	70	80
7/25/2014	0	0	0	66	82
7/26/2014	0	0	0	69	81
7/27/2014	0.02	0	0	71	85
7/28/2014	0.19	0	0	68	82
7/29/2014	0	0	0	64	76
7/30/2014	0	0	0	63	80
7/31/2014	0	0	0	68	82
8/1/2014	0	0	0	71	84
8/2/2014	0.41	0	0	63	74
8/3/2014	0.07	0	0	66	76
8/4/2014	0	0	0	70	84
8/5/2014	0	0	0	71	90
8/6/2014	0	0	0	70	83
8/7/2014	0	0	0	66	83
8/8/2014	0	0	0	65	83
8/9/2014	0	0	0	66	87
8/10/2014	0	0	0	68	88
8/11/2014	0	0	0	71	87
8/12/2014	0.19	0	0	70	79
8/13/2014	0.53	0	0	68	82
8/14/2014	0	0	0	63	77
8/15/2014	0	0	0	61	73
8/16/2014	0	0	0	63	78
8/17/2014	0.01	0	0	66	82
8/18/2014	0	0	0	63	81
8/19/2014	0	0	0	63	83
8/20/2014	0	0	0	70	84
8/21/2014	0.35	0	0	65	83
8/22/2014	0.06	0	0	65	79
8/23/2014	0.01	0	0	67	77
8/24/2014	0	0	0	64	80
8/25/2014	0	0	0	64	88
8/26/2014	0	0	0	70	89
8/27/2014	0	0	0	70	90
8/28/2014	0	0	0	66	82
8/29/2014	0	0	0	61	80
8/30/2014	0	0	0	65	80
8/31/2014	0.62	0	0	73	90
9/1/2014	0	0	0	75	88
9/2/2014	0	0	0	77	92
9/3/2014	0	0	0	72	86
9/4/2014	0	0	0	69	87
9/5/2014	0	0	0	72	87
9/6/2014	0.11	0	0	67	91
9/7/2014	0	0	0	65	81
9/8/2014	0	0	0	65	75
9/9/2014	0	0	0	63	73
9/10/2014	0	0	0	63	80
9/11/2014	0	0	0	69	83
9/12/2014	0	0	0	62	78
9/13/2014	0.26	0	0	58	69
9/14/2014	0	0	0	53	71
9/15/2014	0	0	0	55	71
9/16/2014	0.37	0	0	58	70
9/17/2014	0	0	0	55	73
9/18/2014	0	0	0	57	76
9/19/2014	0	0	0	54	66
9/20/2014	0	0	0	57	75
9/21/2014	0.15	0	0	67	75
9/22/2014	0	0	0	55	71
9/23/2014	0	0	0	52	71
9/24/2014	0	0	0	58	71
9/25/2014	0.32	0	0	57	64
9/26/2014	0	0	0	58	77
9/27/2014	0	0	0	60	83
9/28/2014	0	0	0	64	84
9/29/2014	0	0	0	67	79
9/30/2014	0	0	0	62	71
10/1/2014	0.02	0	0	61	65
10/2/2014	0	0	0	61	70
10/3/2014	0	0	0	56	71
10/4/2014	1.18	0	0	52	69
10/5/2014	0	0	0	46	61
10/6/2014	0	0	0	50	69
10/7/2014	0.06	0	0	63	71
10/8/2014	0.04	0	0	62	73
10/9/2014	0	0	0	55	68
10/10/2014	0	0	0	52	64
10/11/2014	0.33	0	0	50	60
10/12/2014	0	0	0	48	63
10/13/2014	0.05	0	0	52	65
10/14/2014	0	0	0	63	76
10/15/2014	0.69	0	0	69	77
10/16/2014	1.11	0	0	61	71
10/17/2014	0	0	0	59	71
10/18/2014	0	0	0	56	70
10/19/2014	0	0	0	44	56
10/20/2014	0	0	0	42	60
10/21/2014	0.11	0	0	55	67
10/22/2014	1.51	0	0	50	58
10/23/2014	0.61	0	0	50	53
10/24/2014	0	0	0	51	63
10/25/2014	0.01	0	0	50	67
10/26/2014	0	0	0	53	63
10/27/2014	0	0	0	48	63
10/28/2014	0	0	0	53	72
10/29/2014	0	0	0	51	72
10/30/2014	0	0	0	47	59
10/31/2014	0.05	0	0	45	55
11/1/2014	0.35	0	0	42	47
11/2/2014	0	0	0	41	48
11/3/2014	0	0	0	39	61
11/4/2014	0	0	0	53	68
11/5/2014	0	0	0	56	64
11/6/2014	0.37	0	0	48	57
11/7/2014	0	0	0	40	53
11/8/2014	0	0	0	36	48
11/9/2014	0	0	0	46	57
11/10/2014	0	0	0	44	61
11/11/2014	0	0	0	49	64
11/12/2014	0	0	0	47	65
11/13/2014	0.2	0	0	36	48
11/14/2014	0.06	0	0	35	42
11/15/2014	0	0	0	33	42
11/16/2014	0.03	0	0	35	45
11/17/2014	1.54	0	0	40	52
11/18/2014	0	0	0	24	45
11/19/2014	0	0	0	22	36
11/20/2014	0	0	0	31	45
11/21/2014	0	0	0	28	37
11/22/2014	0	0	0	28	44
11/23/2014	0	0	0	43	57
11/24/2014	0.7	0	0	53	69
11/25/2014	0	0	0	51	68
11/26/2014	1.24	0.2	0	34	51
11/27/2014	0.02	0	0	34	38
11/28/2014	0	0	0	29	37
11/29/2014	0	0	0	27	45
11/30/2014	0	0	0	45	55
12/1/2014	0.09	0	0	42	65
12/2/2014	0.08	0	0	35	43
12/3/2014	0.06	0	0	41	46
12/4/2014	0	0	0	37	45
12/5/2014	0.51	0	0	34	44
12/6/2014	1.22	0	0	39	50
12/7/2014	0.04	0	0	30	42
12/8/2014	0	0	0	24	37
12/9/2014	2.54	0	0	36	42
12/10/2014	0.08	1	0	32	40
12/11/2014	0.01	0	1.2	31	38
12/12/2014	0	0	0	32	38
12/13/2014	0	0	0	34	44
12/14/2014	0	0	0	38	46
12/15/2014	0	0	0	37	48
12/16/2014	0.2	0	0	38	49
12/17/2014	0.02	0	0	42	54
12/18/2014	0	0	0	37	42
12/19/2014	0	0	0	31	38
12/20/2014	0	0	0	30	33
12/21/2014	0	0	0	31	36
12/22/2014	0.04	0	0	35	44
12/23/2014	0.16	0	0	43	46
12/24/2014	0.8	0	0	44	58
12/25/2014	0.09	0	0	44	62
12/26/2014	0	0	0	40	50
12/27/2014	0	0	0	44	55
12/28/2014	0.1	0	0	43	54
12/29/2014	0	0	0	34	44
12/30/2014	0	0	0	28	34
12/31/2014	0	0	0	27	32
1/1/2015	0	0	0	27	39
1/2/2015	0	0	0	35	42
1/3/2015	0.71	0	0	33	42
1/4/2015	0.3	0	0	41	56
1/5/2015	0	0	0	21	49
1/6/2015	0.05	1	0	19	22
1/7/2015	0	0	1.2	9	23
1/8/2015	0	0	0	8	21
1/9/2015	0.07	1.5	0	19	33
1/10/2015	0	0	1.2	16	23
1/11/2015	0	0	1.2	18	37
1/12/2015	0.36	0	0	35	39
1/13/2015	0	0	0	17	36
1/14/2015	0	0	0	16	32
1/15/2015	0	0	0	25	35
1/16/2015	0	0	0	20	43
1/17/2015	0	0	0	17	32
1/18/2015	2.1	0	0	31	42
1/19/2015	0	0	0	36	42
1/20/2015	0	0	0	32	40
1/21/2015	0	0	0	25	36
1/22/2015	0	0	0	31	40
1/23/2015	0	0	0	28	39
1/24/2015	0.72	3.6	3.1	33	39
1/25/2015	0	0	2	31	42
1/26/2015	0.48	5.5	2	22	31
1/27/2015	0.36	4.3	7.9	20	30
1/28/2015	0	0	7.9	16	34
1/29/2015	0.02	0	5.9	19	36
1/30/2015	0.06	1	7.1	19	38
1/31/2015	0	0	7.1	13	26
2/1/2015	0.03	0.3	5.9	20	36